-2246
-19029
-3405
10312
523
17165
-109
20120
12280
7357
13921
16855
437
-5507
-10339
-11542
-5856
11478
-8890
-4020
-14539
29
14851
239
-16168
-13219
20315
-1504
-9085
-16569
13589
1012
-515
4808
-10915
-16040
-1812
20362
-21389
-7540
-7913
-11131
3689
12414
-1522
-1209
394
768
9579
10088
-15094
3402
-5623
751
6868
-10300
-17372
4028
15691
18175
-6453
-7646
-18594
-17653
12168
-17444
-3896
-5170
-7907
12006
9157
-13814
-14823
-9145
16336
-17840
7721
-8555
-12457
-3233
-17656
1524
-21457
8007
-17106
-17064
-12392
3546
10255
-6619
9827
-2173
-12352
9311
-10308
15903
-3365
14090
-3645
-6415
